tweet_id,favorites_count,retweets_count
892420643555336193,38950,8631
892177421306343426,33346,6341
891815181378084864,25122,4208
891689557279858688,42287,8756
891327558926688256,40452,9513
891087950875897856,20291,3149
890971913173991426,11899,2100
890729181411237888,65798,19138
890609185150312448,27868,4317
890240255349198849,32053,7513
890006608113172480,30765,7431
889880896479866881,27881,5026
889665388333682689,48264,10183
889638837579907072,27270,4596
889531135344209921,15139,2262
889278841981685760,25391,5496
888917238123831296,29191,4560
888804989199671297,25687,4395
888554962724278272,19997,3625
888202515573088257,Not Found,Not Found
888078434458587136,21848,3540
887705289381826560,30304,5460
887517139158093824,46404,11804
887473957103951883,69377,18446
887343217045368832,33811,10527
887101392804085760,30664,6034
886983233522544640,35293,7858
886736880519319552,12119,3338
886680336477933568,22512,4526
886366144734445568,21198,3223
886267009285017600,116,4
886258384151887873,28064,6374
886054160059072513,0,105
885984800019947520,32835,6895
885528943205470208,36135,6518
885518971528720385,20499,3808
885311592912609280,0,18792
885167619883638784,22023,4435
884925521741709313,77856,18681
884876753390489601,28041,5868
884562892145688576,24397,4937
884441805382717440,27095,5725
884247878851493888,73294,20677
884162670584377345,20463,3031
883838122936631299,21988,3493
883482846933004288,46121,10093
883360690899218434,22639,3733
883117836046086144,37369,6760
882992080364220416,24041,3981
882762694511734784,28422,4990
882627270321602560,27970,6173
882268110199369728,45135,11766
882045870035918850,29481,5053
881906580714921986,24383,3438
881666595344535552,50747,10820
881633300179243008,127,7
881536004380872706,49652,16191
881268444196462592,23151,5212
880935762899988482,17075,2815
880872448815771648,21379,3870
880465832366813184,28642,6373
880221127280381952,27181,4291
880095782870896641,27736,4419
879862464715927552,22388,3549
879674319642796034,312,10
879492040517615616,23500,3233
879415818425184262,106309,44804
879376492567855104,16839,3160
879130579576475649,0,6951
879050749262655488,22686,4781
879008229531029506,19043,2733
878776093423087618,19455,4187
878604707211726852,30403,7355
878404777348136964,0,1313
878316110768087041,0,6765
878281511006478336,7789,1313
878057613040115712,42232,6951
877736472329191424,80354,19481
877611172832227328,0,81
877556246731214848,22871,3891
877316821321428993,27473,5266
877201837425926144,27268,5694
876838120628539392,20775,3417
876537666061221889,23548,4688
876484053909872640,18856,2446
876120275196170240,28060,4775
875747767867523072,25321,4370
875144289856114688,22028,5013
875097192612077568,27558,6154
875021211251597312,25617,4798
874680097055178752,28015,4727
874434818259525634,0,15075
874296783580663808,26214,4194
874057562936811520,22783,4028
874012996292530176,34906,10682
873697596434513921,Not Found,Not Found
873580283840344065,24409,4031
873337748698140672,0,1623
873213775632977920,7321,1623
872967104147763200,27577,5515
872820683541237760,14828,3779
872668790621863937,0,29
872620804844003328,20955,3793
872486979161796608,41011,9210
872261713294495745,34525,6479
872122724285648897,34756,8320
871879754684805121,38420,11517
871762521631449091,20456,3567
871515927908634625,20411,3541
871166179821445120,0,5828
871102520638267392,21137,5625
871032628920680449,22896,3899
870804317367881728,34022,6393
870726314365509632,120,3
870656317836468226,12589,2728
870374049280663552,83663,26988
870308999962521604,22094,4272
870063196459192321,37143,8607
869988702071779329,Not Found,Not Found
869772420881756160,42975,10360
869702957897576449,28634,6529
869596645499047938,16215,3234
869227993411051520,20746,3917
868880397819494401,66642,14991
868639477480148993,0,2171
868622495443632128,27820,5964
868552278524837888,10346,2171
867900495410671616,24579,4325
867774946302451713,34569,7587
867421006826221569,16461,2613
867072653475098625,0,131
867051520902168576,32841,8179
866816280283807744,Not Found,Not Found
866720684873056260,20502,5021
866686824827068416,19737,3628
866450705531457537,124659,36653
866334964761202691,53723,15075
866094527597207552,0,8704
865718153858494464,26172,5837
865359393868664832,27074,5222
865006731092295680,28628,8008
864873206498414592,33066,9121
864279568663928832,14948,3186
864197398364647424,30902,9367
863907417377173506,21121,4332
863553081350529029,15655,4359
863471782782697472,0,2595
863432100342583297,24383,5526
863427515083354112,2318,101
863079547188785154,8974,1155
863062471531167744,8773,2595
862831371563274240,19677,5317
862722525377298433,17514,3706
862457590147678208,21103,5216
862096992088072192,76694,24449
861769973181624320,Not Found,Not Found
861383897657036800,37083,11237
861288531465048066,17688,4378
861005113778896900,17205,4003
860981674716409858,0,2269
860924035999428608,0,857
860563773140209665,7722,2269
860524505164394496,24304,5550
860276583193509888,18844,3655
860184849394610176,17187,6152
860177593139703809,0,32513
859924526012018688,20125,4310
859851578198683649,15851,3688
859607811541651456,19154,1659
859196978902773760,92748,31930
859074603037188101,34970,14374
858860390427611136,0,8577
858843525470990336,16042,3668
858471635011153920,22221,5117
858107933456039936,16248,3082
857989990357356544,16663,2733
857746408056729600,35416,11234
857393404942143489,6121,1726
857263160327368704,20686,4800
857214891891077121,238,20
857062103051644929,0,179
857029823797047296,19586,4254
856602993587888130,0,11331
856543823941562368,16874,3062
856526610513747968,12256,2004
856330835276025856,0,720
856288084350160898,535,17
856282028240666624,28655,6711
855862651834028034,363,28
855860136149123072,5112,1104
855857698524602368,12277,2253
855851453814013952,47125,18799
855818117272018944,27607,5804
855459453768019968,31137,8782
855245323840757760,0,6370
855138241867124737,0,49
854732716440526848,23777,6521
854482394044301312,30581,7363
854365224396361728,19701,5025
854120357044912130,33316,8034
854010172552949760,16889,3362
853760880890318849,29904,6225
853639147608842240,36526,10914
853299958564483072,16257,3826
852936405516943360,0,2178
852912242202992640,9476,1983
852672615818899456,15656,2312
852553447878664193,17184,3783
852311364735569921,34754,10681
852226086759018497,20991,7367
852189679701164033,12024,1705
851953902622658560,0,10418
851861385021730816,0,23
851591660324737024,17030,3740
851464819735769094,25522,7641
851224888060895234,21736,6190
850753642995093505,32736,10074
850380195714523136,13748,2826
850333567704068097,3596,361
850145622816686080,17221,4136
850019790995546112,21589,5313
849776966551130114,32143,8255
849668094696017920,0,5391
849412302885593088,16756,3401
849336543269576704,12071,2051
849051919805034497,44796,9278
848690551926992896,26657,4690
848324959059550208,26182,5007
848213670039564288,8656,814
848212111729840128,17299,3353
847978865427394560,0,3548
847971574464610304,0,467
847962785489326080,24858,5583
847842811428974592,5823,1469
847617282490613760,7428,457
847606175596138505,19860,3678
847251039262605312,21639,4669
847157206088847362,21189,6385
847116187444137987,22713,3482
846874817362120707,21301,4288
846514051647705089,47467,12682
846505985330044928,15026,3389
846153765933735936,33728,9893
846139713627017216,32713,10726
846042936437604353,16988,3143
845812042753855489,31142,9569
845677943972139009,26682,5223
845459076796616705,Not Found,Not Found
845397057150107648,8108,1999
845306882940190720,24788,5896
845098359547420673,0,8407
844979544864018432,14486,2834
844973813909606400,16098,3518
844704788403113984,41244,11331
844580511645339650,17533,3433
844223788422217728,14509,2399
843981021012017153,16068,3198
843856843873095681,22802,5079
843604394117681152,17990,2999
843235543001513987,22908,6641
842892208864923648,Not Found,Not Found
842846295480000512,16198,3926
842765311967449089,7198,1406
842535590457499648,19291,3838
842163532590374912,26129,6370
842115215311396866,14956,3314
841833993020538882,0,16948
841680585030541313,27354,8525
841439858740625411,13500,4050
841320156043304961,21068,5961
841314665196081154,16968,5174
841077006473256960,24498,5828
840761248237133825,0,1935
840728873075638272,0,17811
840698636975636481,195,3
840696689258311684,13157,1089
840632337062862849,9604,1935
840370681858686976,17605,5021
840268004936019968,20607,6317
839990271299457024,14369,2533
839549326359670784,29467,8577
839290600511926273,0,156
839239871831150596,29131,7220
838952994649550848,21008,4396
838921590096166913,11966,2292
838916489579200512,0,37
838831947270979586,0,12240
838561493054533637,11693,1468
838476387338051585,24235,5325
838201503651401729,0,11196
838150277551247360,1795,358
838085839343206401,149,0
838083903487373313,18890,3478
837820167694528512,36670,8704
837482249356513284,4131,489
837471256429613056,13748,2556
837366284874571778,22663,5852
837110210464448512,17172,2655
837012587749474308,Not Found,Not Found
836989968035819520,13650,2542
836753516572119041,20649,5102
836677758902222849,13533,2456
836648853927522308,0,610
836397794269200385,0,30531
836380477523124226,15799,3254
836260088725786625,22790,4738
836001077879255040,20529,4782
835685285446955009,0,9077
835574547218894849,19129,4016
835536468978302976,0,1885
835309094223372289,0,23339
835297930240217089,17595,3309
835264098648616962,8343,1885
835246439529840640,2238,81
835172783151792128,28061,6370
835152434251116546,24129,3363
834931633769889797,11643,1828
834786237630337024,22657,6047
834574053763584002,14738,2808
834477809192075265,0,11838
834458053273591808,10338,1857
834209720923721728,22162,5318
834167344700198914,16931,4027
834089966724603904,10804,2358
834086379323871233,14044,2456
833863086058651648,14418,2668
833826103416520705,16487,3819
833732339549220864,0,241
833722901757046785,22226,3554
833479644947025920,15984,2292
833124694597443584,21757,5391
832998151111966721,14318,2462
832769181346996225,0,42
832757312314028032,18126,4023
832682457690300417,12797,3272
832645525019123713,3140,578
832636094638288896,17086,3118
832397543355072512,12880,2479
832369877331693569,18482,3548
832273440279240704,12164,2598
832215909146226688,0,6885
832215726631055365,0,10424
832088576586297345,72,2
832040443403784192,0,10825
832032802820481025,19261,5193
831939777352105988,25880,6850
831926988323639298,367,36
831911600680497154,29819,7274
831670449226514432,11269,2019
831650051525054464,7744,2178
831552930092285952,9717,2557
831322785565769729,9885,1706
831315979191906304,7007,1238
831309418084069378,12618,2713
831262627380748289,12839,2291
830956169170665475,8599,1681
830583320585068544,72194,18792
830173239259324417,0,6371
830097400375152640,10616,3358
829878982036299777,0,5601
829861396166877184,13225,2192
829501995190984704,34268,11838
829449946868879360,11319,2270
829374341691346946,37433,10418
829141528400556032,26500,8284
829011960981237760,57250,18116
828801551087042563,0,3796
828770345708580865,27633,6569
828708714936930305,39563,12532
828650029636317184,10280,1501
828409743546925057,6786,1282
828408677031882754,8263,1430
828381636999917570,13648,2485
828376505180889089,7995,1188
828372645993398273,13542,3268
828361771580813312,2369,191
828046555563323392,12733,3191
828011680017821696,11200,2394
827933404142436356,21804,5850
827653905312006145,16713,3351
827600520311402496,8022,1054
827324948884643840,17195,3422
827228250799742977,Not Found,Not Found
827199976799354881,11462,2506
826958653328592898,23377,5601
826848821049180160,39574,11507
826615380357632002,0,4405
826598799820865537,5545,286
826598365270007810,10914,2628
826476773533745153,19945,4694
826240494070030336,14365,2894
826204788643753985,5277,1050
826115272272650244,16991,3506
825876512159186944,11337,2095
825829644528148480,13794,2789
825535076884762624,56356,19266
825147591692263424,19858,5125
825120256414846976,0,1442
825026590719483904,6901,1442
824796380199809024,0,6150
824775126675836928,16243,3956
824663926340194305,10922,1945
824325613288833024,12781,11621
824297048279236611,16305,4335
824025158776213504,5176,665
823939628516474880,11557,3041
823719002937630720,0,12636
823699002998870016,13638,2707
823581115634085888,14146,2975
823333489516937216,760,29
823322678127919110,17120,4523
823269594223824897,0,11086
822975315408461824,18801,3865
822872901745569793,143873,49359
822859134160621569,14346,2562
822647212903690241,0,7195
822610361945911296,16042,3328
822489057087389700,19736,7195
822462944365645825,31159,16632
822244816520155136,38125,11086
822163064745328640,0,5425
821886076407029760,12359,2633
821813639212650496,0,3750
821765923262631936,9171,1864
821522889702862852,8720,1985
821421320206483457,0,6285
821407182352777218,12834,4903
821153421864615936,276,10
821149554670182400,9523,2265
821107785811234820,10454,2402
821044531881721856,13765,2574
820837357901512704,0,7525
820749716845686786,34371,11196
820690176645140481,13302,3627
820494788566847489,0,636
820446719150292993,0,2906
820314633777061888,3636,636
820078625395449857,21554,7067
820013781606658049,0,1328
819952236453363712,5808,1328
819924195358416896,14022,5454
819711362133872643,14645,3531
819588359383371776,10414,2215
819347104292290561,7865,1352
819238181065359361,2495,453
819227688460238848,25174,7525
819015337530290176,0,41157
819015331746349057,0,21247
819006400881917954,49124,21247
819004803107983360,93974,41157
818646164899774465,0,23447
818627210458333184,24187,8365
818614493328580609,10760,2910
818588835076603904,0,6937
818536468981415936,11912,2790
818307523543449600,0,9145
818259473185828864,11999,2562
818145370475810820,13420,2925
817908911860748288,5270,889
817827839487737858,56621,30531
817777686764523521,11664,3002
817536400337801217,12870,3420
817502432452313088,0,3819
817423860136083457,37414,16948
817415592588222464,6132,1087
817181837579653120,0,9599
817171292965273600,9520,2263
817120970343411712,13243,2951
817056546584727552,9349,1862
816829038950027264,0,5329
816816676327063552,10902,2301
816697700272001025,10697,2481
816450570814898180,33395,9145
816336735214911488,9390,2206
816091915477250048,9739,2428
816062466425819140,0,1179
816014286006976512,0,6005
815990720817401858,5450,1179
815966073409433600,24575,9599
815745968457060357,0,4656
815736392542261248,10736,2557
815639385530101762,8990,1857
815390420867969024,11279,4288
814986499976527872,8335,1464
814638523311648768,12309,3056
814578408554463233,0,6573
814530161257443328,9470,2098
814153002265309185,31425,9820
813944609378369540,0,3644
813910438903693312,10144,2126
813812741911748608,39701,15825
813800681631023104,9132,1999
813217897535406080,20412,8240
813202720496779264,10020,2035
813187593374461952,21697,4931
813172488309972993,10213,2172
813157409116065792,8458,2503
813142292504645637,9196,2663
813130366689148928,4880,500
813127251579564032,12985,3549
813112105746448384,11296,3126
813096984823349248,11501,4088
813081950185472002,10804,3129
813066809284972545,8696,2196
813051746834595840,22907,8265
812781120811126785,8267,2159
812747805718642688,0,7864
812709060537683968,7241,1619
812503143955202048,6660,1385
812466873996607488,8749,2179
812372279581671427,14966,4148
811985624773361665,7960,1590
811744202451197953,8259,1826
811647686436880384,6097,840
811627233043480576,14012,3546
811386762094317568,22864,7233
810984652412424192,5841,1613
810896069567610880,9899,2025
810657578271330305,12001,2986
810284430598270976,38851,12964
810254108431155201,16084,3796
809920764300447744,16949,4405
809808892968534016,0,5557
809448704142938112,7585,1663
809220051211603969,21846,6371
809084759137812480,14452,3962
808838249661788160,11061,3437
808733504066486276,8645,2447
808501579447930884,12365,2929
808344865868283904,46527,23447
808134635716833280,0,6751
808106460588765185,9550,2462
808001312164028416,13784,3996
807621403335917568,15975,4162
807106840509214720,123407,61371
807059379405148160,0,8296
807010152071229440,14276,4315
806629075125202948,82498,39637
806620845233815552,0,6245
806576416489959424,5295,2185
806542213899489280,11183,2690
806242860592926720,0,13246
806219024703037440,7024,1358
805958939288408065,0,6078
805932879469572096,9043,2148
805826884734976000,7203,2073
805823200554876929,0,9125
805520635690676224,6272,1872
805487436403003392,9600,2861
805207613751304193,8521,1920
804738756058218496,15072,4359
804475857670639616,6745,2279
804413760345620481,0,3636
804026241225523202,48900,18366
803773340896923648,11017,3137
803692223237865472,0,8429
803638050916102144,12039,4693
803380650405482500,8480,2106
803321560782307329,0,6051
803276597545603072,11003,2795
802952499103731712,9894,2270
802624713319034886,0,3312
802600418706604034,7806,1662
802572683846291456,9799,2843
802323869084381190,17816,6622
802265048156610565,6948,1540
802247111496568832,Not Found,Not Found
802239329049477120,9942,2947
802185808107208704,0,305
801958328846974976,8461,1930
801854953262350336,1925,264
801538201127157760,8974,2331
801285448605831168,6656,937
801167903437357056,26910,6751
801127390143516673,0,4501
801115127852503040,8852,2361
800859414831898624,760,111
800855607700029440,0,1842
800751577355128832,11511,3132
800513324630806528,14417,3404
800459316964663297,10363,2428
800443802682937345,0,4906
800388270626521089,12230,3166
800188575492947969,0,4454
800141422401830912,16780,2906
800018252395122689,31169,14945
799774291445383169,0,5329
799757965289017345,9224,2446
799422933579902976,8821,2161
799308762079035393,0,6288
799297110730567681,10875,3152
799063482566066176,8878,2788
798933969379225600,14457,5077
798925684722855936,8148,1626
798705661114773508,0,7510
798701998996647937,0,8868
798697898615730177,0,7395
798694562394996736,0,5657
798686750113755136,0,2634
798682547630837760,0,5378
798673117451325440,0,6312
798665375516884993,0,4416
798644042770751489,0,2099
798628517273620480,0,2221
798585098161549313,0,6477
798576900688019456,0,6686
798340744599797760,0,3812
798209839306514432,11372,2885
797971864723324932,12785,3564
797545162159308800,15934,5493
797236660651966464,21952,7517
797165961484890113,254,32
796904159865868288,0,10127
796865951799083009,8414,2148
796759840936919040,13038,3474
796563435802726400,0,8303
796484825502875648,8325,1999
796387464403357696,12106,4723
796177847564038144,0,16232
796149749086875649,35562,16232
796125600683540480,5434,2027
796116448414461957,9965,2745
796080075804475393,9275,2623
796031486298386433,11862,4187
795464331001561088,54727,27026
795400264262053889,11082,3243
795076730285391872,17822,6150
794983741416415232,0,3819
794926597468000259,11287,2626
794355576146903043,0,11683
794332329137291264,10497,2997
794205286408003585,10121,3775
793962221541933056,18504,5557
793845145112371200,10114,2123
793614319594401792,0,3551
793601777308463104,8754,1852
793500921481273345,11746,2707
793286476301799424,27052,10424
793271401113350145,9484,2671
793256262322548741,21944,9436
793241302385262592,11573,3715
793226087023144960,10797,3234
793210959003287553,9813,3200
793195938047070209,16760,6365
793180763617361921,7584,2243
793165685325201412,10328,3154
793150605191548928,6780,1938
793135492858580992,7087,2812
793120401413079041,13940,4415
792913359805018113,15770,4564
792883833364439040,12419,4837
792773781206999040,8063,1909
792394556390137856,14841,4866
792050063153438720,7890,2033
791821351946420224,0,23853
791784077045166082,0,10962
791780927877898241,0,4309
791774931465953280,49508,25205
791672322847637504,12901,3551
791406955684368384,14414,4656
791312159183634433,9657,2873
791026214425268224,0,4679
790987426131050500,10881,2417
790946055508652032,18246,5329
790723298204217344,0,2626
790698755171364864,9008,2155
790581949425475584,22701,8111
790337589677002753,8598,2114
790277117346975746,13799,3644
790227638568808452,0,4061
789986466051088384,10183,2626
789960241177853952,0,4714
789903600034189313,11415,4688
789628658055020548,8287,2015
789599242079838210,7467,2192
789530877013393408,12916,3819
789314372632018944,9454,2609
789280767834746880,0,5601
789268448748703744,10019,2936
789137962068021249,10668,3157
788908386943430656,30059,14055
788765914992902144,30124,11683
788552643979468800,0,8197
788412144018661376,17125,6015
788178268662984705,7951,2414
788150585577050112,6752,1479
788070120937619456,0,3856
788039637453406209,6735,1494
787810552592695296,9527,3453
787717603741622272,11205,3153
787397959788929025,11899,3204
787322443945877504,8560,1976
787111942498508800,0,7587
786963064373534720,29147,9077
786729988674449408,0,2740
786709082849828864,19938,6885
786664955043049472,11715,2909
786595970293370880,10317,3513
786363235746385920,11968,3966
786286427768250368,8768,3247
786233965241827333,16835,5425
786051337297522688,1580,174
786036967502913536,0,7995
785927819176054784,12477,3567
785872687017132033,7328,2065
785639753186217984,8567,2500
785533386513321988,9998,2276
785515384317313025,6684,1434
785264754247995392,7974,1851
785170936622350336,13275,5502
784826020293709826,11131,3636
784517518371221505,9843,2868
784431430411685888,6225,1446
784183165795655680,22079,9125
784057939640352768,32814,12636
783839966405230592,33008,12240
783821107061198850,8066,2219
783695101801398276,11439,3632
783466772167098368,9284,2545
783391753726550016,18525,6238
783347506784731136,0,6347
783334639985389568,32036,13246
783085703974514689,8929,2501
782969140009107456,26448,8296
782747134529531904,8169,1568
782722598790725632,18907,6078
782598640137187329,8546,2126
782305867769217024,18267,6285
782021823840026624,0,7060
781955203444699136,12143,3800
781661882474196992,11433,3055
781655249211752448,4383,1258
781524693396357120,22729,6245
781308096455073793,7808,2873
781251288990355457,9257,2372
781163403222056960,10693,3073
780931614150983680,23691,8303
780858289093574656,7871,2250
780800785462489090,6038,1464
780601303617732608,13248,3750
780543529827336192,6905,1960
780496263422808064,0,4205
780476555013349377,0,133
780459368902959104,5780,1198
780192070812196864,9537,2527
780092040432480260,0,2588
780074436359819264,13413,5642
779834332596887552,20837,7995
779377524342161408,9660,3515
779124354206535695,0,20768
779123168116150273,12918,4107
779056095788752897,16185,5104
778990705243029504,21905,8220
778774459159379968,0,11231
778764940568104960,937,413
778748913645780993,7552,1506
778650543019483137,6319,1685
778624900596654080,5082,1139
778408200802557953,14894,4896
778396591732486144,0,13808
778383385161035776,6393,1241
778286810187399168,11351,3728
778039087836069888,9268,2981
778027034220126208,7177,1833
777953400541634568,0,3966
777885040357281792,6946,1848
777684233540206592,12283,3312
777641927919427584,0,4809
777621514455814149,9563,2809
777189768882946048,15627,4869
776819012571455488,0,15439
776813020089548800,5328,1362
776477788987613185,9684,3152
776249906839351296,0,10340
776218204058357768,32773,17986
776201521193218049,10477,2834
776113305656188928,12835,4906
776088319444877312,2000,170
775898661951791106,0,17415
775842724423557120,12777,3020
775733305207554048,15128,4501
775729183532220416,14100,5162
775364825476165632,8128,3361
775350846108426240,11080,4408
775096608509886464,Not Found,Not Found
775085132600442880,16968,5329
774757898236878852,9310,1985
774639387460112384,7335,1953
774314403806253056,23750,6288
773985732834758656,11717,4364
773922284943896577,6970,1943
773704687002451968,7194,1836
773670353721753600,5816,1456
773547596996571136,24053,6937
773336787167145985,0,5740
773308824254029826,25338,8407
773247561583001600,10215,3598
773191612633579521,10893,4616
772877495989305348,9367,4374
772826264096874500,8696,2607
772615324260794368,0,3787
772581559778025472,7064,1906
772193107915964416,6550,1558
772152991789019136,4109,1263
772117678702071809,4087,821
772114945936949249,2952,527
772102971039580160,4364,1039
771908950375665664,7166,2122
771770456517009408,13107,3812
771500966810099713,9012,2934
771380798096281600,11504,5740
771171053431250945,0,8480
771136648247640064,10023,3272
771102124360998913,6778,1611
771014301343748096,7504,1857
771004394259247104,0,247
770787852854652928,5407,1373
770772759874076672,5657,1583
770743923962707968,0,51103
770655142660169732,7986,1963
770414278348247044,6862,2314
770293558247038976,6789,1671
770093767776997377,0,3417
770069151037685760,8246,2584
769940425801170949,34302,10825
769695466921623552,6969,1868
769335591808995329,0,8620
769212283578875904,5885,1920
768970937022709760,15706,7345
768909767477751808,0,3041
768855141948723200,4582,1004
768609597686943744,4485,1353
768596291618299904,5485,1434
768554158521745409,0,6536
768473857036525572,14829,3843
768193404517830656,11893,3966
767884188863397888,5187,1580
767754930266464257,17474,6051
767500508068192258,8138,2614
767191397493538821,13375,4281
767122157629476866,11022,3194
766864461642756096,0,6349
766793450729734144,5542,1527
766714921925144576,2824,428
766693177336135680,4396,885
766423258543644672,6555,1780
766313316352462849,7365,2112
766078092750233600,0,2900
766069199026450432,4660,978
766008592277377025,4066,558
765719909049503744,7867,2410
765669560888528897,5647,1365
765395769549590528,28640,3791
765371061932261376,7709,2409
765222098633691136,12649,3787
764857477905154048,6971,1972
764259802650378240,6584,1702
763956972077010945,798,61
763837565564780549,13732,4679
763183847194451968,5903,1657
763167063695355904,0,3389
763103485927849985,7997,2542
762699858130116608,13262,4061
762471784394268675,12290,7320
762464539388485633,11270,4714
762316489655476224,5255,1261
762035686371364864,34791,17467
761976711479193600,5883,2256
761750502866649088,0,4419
761745352076779520,4636,956
761672994376806400,53856,32513
761599872357261312,4494,1310
761371037149827077,0,20009
761334018830917632,5679,1616
761292947749015552,4864,1230
761227390836215808,5780,1725
761004547850530816,12247,3856
760893934457552897,4154,1082
760656994973933572,7187,2150
760641137271070720,5380,1443
760539183865880579,8239,4052
760521673607086080,4599,1565
760290219849637889,29101,12816
760252756032651264,4276,965
760190180481531904,6205,2021
760153949710192640,0,37
759943073749200896,6461,2327
759923798737051648,15961,6349
759846353224826880,7298,2214
759793422261743616,6490,2128
759566828574212096,0,23670
759557299618865152,5103,1311
759447681597108224,9240,2740
759446261539934208,1813,548
759197388317847553,6590,2166
759159934323924993,0,1307
759099523532779520,15787,4681
759047813560868866,7081,2245
758854675097526272,3852,994
758828659922702336,12152,4266
758740312047005698,6225,1779
758474966123810816,4144,1102
758467244762497024,5223,2479
758405701903519748,5651,2142
758355060040593408,3725,1206
758099635764359168,20870,11231
758041019896193024,2946,422
757741869644341248,7476,3613
757729163776290825,0,9068
757725642876129280,4933,1362
757611664640446465,4946,1242
757597904299253760,0,324
757596066325864448,4733,1179
757400162377592832,16448,7588
757393109802180609,6333,1941
757354760399941633,4910,1586
756998049151549440,6802,2213
756939218950160384,7215,2232
756651752796094464,5509,1474
756526248105566208,11306,4049
756303284449767430,4288,1201
756288534030475264,45747,19406
756275833623502848,6993,1702
755955933503782912,7951,3202
755206590534418437,17855,5991
755110668769038337,23006,12327
754874841593970688,0,8944
754856583969079297,7454,2800
754747087846248448,2795,581
754482103782404096,5753,2161
754449512966619136,4079,819
754120377874386944,8501,2595
754011816964026368,9544,4010
753655901052166144,6338,2428
753420520834629632,8579,3979
753398408988139520,6277,2132
753375668877008896,8256,2588
753298634498793472,0,6435
753294487569522689,3696,1157
753039830821511168,40276,23339
753026973505581056,4219,1082
752932432744185856,13705,7587
752917284578922496,7446,1745
752701944171524096,0,3209
752682090207055872,6525,1788
752660715232722944,4787,1750
752568224206688256,6018,2543
752519690950500352,7988,3818
752334515931054080,4141,1229
752309394570878976,0,18545
752173152931807232,6449,2052
751950017322246144,3347,1036
751937170840121344,5664,1490
751830394383790080,6292,2167
751793661361422336,6354,3247
751598357617971201,8551,3358
751583847268179968,4786,1241
751538714308972544,5451,1404
751456908746354688,3472,1098
751251247299190784,13552,6529
751205363882532864,6829,2032
751132876104687617,5516,1446
750868782890057730,5195,1548
750719632563142656,14320,5601
750506206503038976,4828,1279
750429297815552001,14285,4809
750383411068534784,4914,1267
750381685133418496,744,35
750147208377409536,3346,1072
750132105863102464,3923,1402
750117059602808832,4666,1437
750101899009982464,3296,935
750086836815486976,2347,605
750071704093859840,8485,3713
750056684286914561,3383,986
750041628174217216,3436,686
750026558547456000,2935,873
750011400160841729,3509,1009
749996283729883136,3275,891
749981277374128128,5529,2716
749774190421639168,5027,1456
749417653287129088,6601,1857
749403093750648834,2837,607
749395845976588288,9310,3849
749317047558017024,5938,2454
749075273010798592,6239,2299
749064354620928000,5185,1677
749036806121881602,3354,868
748977405889503236,11615,3786
748932637671223296,6337,2497
748705597323898880,2990,1045
748699167502000129,5118,1768
748692773788876800,4584,1472
748575535303884801,6561,2207
748568946752774144,2365,748
748346686624440324,5638,1373
748337862848962560,8297,4578
748324050481647620,4005,847
748307329658011649,3968,792
748220828303695873,15255,8628
747963614829678593,6265,2389
747933425676525569,7172,2829
747885874273214464,3185,1093
747844099428986880,3030,823
747816857231626240,5240,1286
747651430853525504,1491,174
747648653817413632,13931,6461
747600769478692864,2506,603
747594051852075008,3976,1173
747512671126323200,6005,1751
747461612269887489,4180,1147
747439450712596480,5872,2137
747242308580548608,0,3186
747219827526344708,5694,1739
747204161125646336,3659,1012
747103485104099331,10351,4430
746906459439529985,3115,328
746872823977771008,6455,2370
746818907684614144,5707,1897
746790600704425984,5250,1767
746757706116112384,10287,4309
746726898085036033,6510,1982
746542875601690625,5427,2057
746521445350707200,0,1085
746507379341139972,5008,1195
746369468511756288,6511,1815
746131877086527488,7425,2439
746056683365994496,3827,909
745789745784041472,4356,1176
745712589599014916,7517,2572
745433870967832576,7660,2809
745422732645535745,9237,2699
745314880350101504,7711,3064
745074613265149952,8432,3879
745057283344719872,7794,2528
744995568523612160,3219,693
744971049620602880,8479,2965
744709971296780288,6031,1717
744334592493166593,7275,2368
744234799360020481,128680,77672
744223424764059648,1829,414
743980027717509120,4471,1204
743895849529389061,3926,1054
743835915802583040,0,2316
743609206067040256,4824,1519
743595368194129920,19888,7254
743545585370791937,3792,1040
743510151680958465,8499,4072
743253157753532416,4543,1332
743222593470234624,6668,2105
743210557239623680,4129,1507
742534281772302336,7582,3916
742528092657332225,4788,2192
742465774154047488,7795,4276
742423170473463808,10605,4205
742385895052087300,7318,2199
742161199639494656,4671,1512
742150209887731712,5546,1726
741793263812808706,4894,1663
741743634094141440,8781,3050
741438259667034112,3946,920
741303864243200000,9442,3562
741099773336379392,10782,6093
741067306818797568,10150,3417
740995100998766593,6891,3057
740711788199743490,3669,1031
740699697422163968,3050,860
740676976021798912,19505,7510
740373189193256964,37307,14677
740365076218183684,2666,481
740359016048689152,3550,943
740214038584557568,7194,2168
739979191639244800,21442,6536
739932936087216128,4359,1186
739844404073074688,4069,935
739623569819336705,4099,1503
739606147276148736,5796,1828
739544079319588864,42780,23670
739485634323156992,7749,3237
739238157791694849,73614,51102
738891149612572673,114,6
738885046782832640,4047,1252
738883359779196928,3594,893
738537504001953792,5475,1720
738402415918125056,3525,936
738184450748633089,4642,1331
738166403467907072,9446,3750
738156290900254721,2714,728
737826014890496000,5652,1955
737800304142471168,10734,3814
737678689543020544,5419,1470
737445876994609152,11084,4920
737322739594330112,3877,884
737310737551491075,15752,8155
736736130620620800,4636,1922
736392552031657984,19079,8197
736365877722001409,4296,1372
736225175608430592,8726,3043
736010884653420544,8490,3268
735991953473572864,3870,1265
735648611367784448,4312,1202
735635087207878657,6653,2596
735274964362878976,13965,5598
735256018284875776,3602,970
735137028879360001,3354,1062
734912297295085568,2934,564
734787690684657664,13478,6930
734776360183431168,2689,593
734559631394082816,1609,434
733828123016450049,3859,855
733822306246479872,3942,1108
733482008106668032,3370,1042
733460102733135873,4514,1409
733109485275860992,45575,17415
732732193018155009,2614,588
732726085725589504,3789,969
732585889486888962,3950,849
732375214819057664,8668,2762
732005617171337216,16009,6005
731285275100512256,3736,1075
731156023742988288,4109,1393
730924654643314689,6570,2174
730573383004487680,5281,2373
730427201120833536,3722,1146
730211855403241472,4103,1151
730196704625098752,5243,2117
729854734790754305,4310,1225
729838605770891264,1826,419
729823566028484608,4279,1363
729463711119904772,6227,2527
729113531270991872,2021,362
728986383096946689,3397,893
728760639972315136,4998,1862
728751179681943552,2993,742
728653952833728512,3547,1142
728409960103686147,5282,2212
728387165835677696,3934,1047
728046963732717569,4626,1288
728035342121635841,4866,1836
728015554473250816,4399,1199
727685679342333952,3141,698
727644517743104000,6324,1918
727524757080539137,4790,1345
727314416056803329,3550,820
727286334147182592,3248,900
727175381690781696,4140,1498
727155742655025152,3898,1454
726935089318363137,7360,2682
726887082820554753,4110,1648
726828223124897792,3801,1101
726224900189511680,4721,1272
725842289046749185,7547,2900
725786712245440512,4455,1488
725729321944506368,5541,1949
725458796924002305,1513,681
724983749226668032,3961,1431
724771698126512129,2543,702
724405726123311104,5681,1808
724049859469295616,4643,1939
724046343203856385,2850,608
724004602748780546,4480,1735
723912936180330496,4151,1344
723688335806480385,8265,3267
723673163800948736,3233,978
723179728551723008,5671,2056
722974582966214656,4396,1720
722613351520608256,5299,1794
721503162398597120,4984,2059
721001180231503872,2699,673
720785406564900865,3332,844
720775346191278080,2647,743
720415127506415616,4409,1636
720389942216527872,6858,2765
720340705894408192,3065,1069
720059472081784833,4162,1241
720043174954147842,5239,2196
719991154352222208,5175,1922
719704490224398336,4880,1589
719551379208073216,5404,2120
719367763014393856,2978,808
719339463458033665,4715,1368
719332531645071360,3648,1043
718971898235854848,3735,1204
718939241951195136,5606,1922
718631497683582976,20276,8868
718613305783398402,2619,528
718540630683709445,2667,1109
718460005985447936,2891,583
718454725339934721,5214,1645
718246886998687744,2057,549
718234618122661888,4133,1095
717841801130979328,2618,654
717790033953034240,3104,1240
717537687239008257,6162,2016
717428917016076293,1709,498
717421804990701568,3371,925
717047459982213120,6703,2088
717009362452090881,3492,1075
716802964044845056,4559,1283
716791146589110272,5908,1520
716730379797970944,1310,462
716447146686459905,14036,6442
716439118184652801,2526,241
716285507865542656,2973,1195
716080869887381504,5227,1913
715928423106027520,3424,962
715758151270801409,3994,1564
715733265223708672,4987,1858
715704790270025728,2995,619
715696743237730304,4180,1415
715680795826982913,4626,1779
715360349751484417,5850,1723
715342466308784130,3230,751
715220193576927233,2574,720
715200624753819648,5478,2062
715009755312439296,4462,1359
714982300363173890,4014,1132
714962719905021952,7866,4691
714957620017307648,4423,1553
714631576617938945,3497,1096
714606013974974464,3874,1021
714485234495041536,2901,1278
714258258790387713,3218,788
714251586676113411,3497,921
714214115368108032,2427,964
714141408463036416,4597,1534
713919462244790272,3495,853
713909862279876608,2041,599
713900603437621249,3017,815
713761197720473600,5210,1509
713411074226274305,4712,1412
713177543487135744,7705,3110
713175907180089344,4765,1596
712809025985978368,19934,7396
712717840512598017,13228,5465
712668654853337088,4447,1332
712438159032893441,5692,1710
712309440758808576,263,26
712097430750289920,4067,1143
712092745624633345,3153,993
712085617388212225,3459,538
712065007010385924,2418,690
711998809858043904,0,137
711968124745228288,8611,2532
711743778164514816,3040,1081
711732680602345472,9541,4528
711694788429553666,35173,20009
711652651650457602,4143,1010
711363825979756544,3920,1253
711306686208872448,3535,800
711008018775851008,3207,688
710997087345876993,4871,1531
710844581445812225,2727,754
710833117892898816,2880,590
710658690886586372,2467,621
710609963652087808,5137,2573
710588934686908417,4883,2055
710296729921429505,2531,808
710283270106132480,2276,568
710272297844797440,4841,1380
710269109699739648,2571,1233
710153181850935296,3104,974
710140971284037632,2963,982
710117014656950272,5889,2191
709918798883774466,3194,1181
709901256215666688,717,109
709852847387627521,3753,1311
709566166965075968,3780,1330
709556954897764353,3520,1167
709519240576036864,1592,264
709449600415961088,2381,650
709409458133323776,2806,764
709225125749587968,2567,630
709207347839836162,13504,6410
709198395643068416,2582,704
709179584944730112,2159,741
709158332880297985,2192,455
709042156699303936,5109,1809
708853462201716736,1915,722
708845821941387268,3175,986
708834316713893888,1823,551
708810915978854401,17696,7636
708738143638450176,2933,894
708711088997666817,2730,804
708479650088034305,2725,746
708469915515297792,3298,898
708400866336894977,17164,11087
708356463048204288,3864,1485
708349470027751425,2521,810
708149363256774660,4569,1686
708130923141795840,3633,921
708119489313951744,2877,1072
708109389455101952,2076,592
708026248782585858,4678,2112
707995814724026368,3326,1231
707983188426153984,51,2
707969809498152960,2887,1065
707776935007539200,3516,1042
707741517457260545,2666,673
707738799544082433,4397,2712
707693576495472641,3672,1099
707629649552134146,2767,967
707610948723478529,18195,7060
707420581654872064,2443,770
707411934438625280,2436,658
707387676719185920,3762,1439
707377100785885184,3524,1180
707315916783140866,2646,706
707297311098011648,2952,883
707059547140169728,2755,743
707038192327901184,2360,881
707021089608753152,4350,1510
707014260413456384,2463,649
706904523814649856,15628,8620
706901761596989440,2221,664
706681918348251136,3555,1065
706644897839910912,2766,1202
706593038911545345,2310,693
706538006853918722,3707,1545
706516534877929472,3327,1134
706346369204748288,3695,1011
706310011488698368,23011,8787
706291001778950144,1823,513
706265994973601792,2919,1007
706169069255446529,4206,2444
706166467411222528,5519,1769
706153300320784384,1599,421
705975130514706432,3326,815
705970349788291072,3369,981
705898680587526145,2543,626
705786532653883392,2092,585
705591895322394625,3400,1275
705475953783398401,3176,1016
705442520700944385,4778,1818
705428427625635840,4094,1871
705239209544720384,3215,825
705223444686888960,2767,883
705102439679201280,2307,569
705066031337840642,2327,665
704871453724954624,4530,1224
704859558691414016,2420,601
704847917308362754,5490,1693
704819833553219584,2840,1112
704761120771465216,7135,3186
704499785726889984,3153,1097
704491224099647488,819,94
704480331685040129,3651,1163
704364645503647744,8640,3907
704347321748819968,1697,386
704134088924532736,1622,509
704113298707505153,1994,618
704054845121142784,3144,1007
703774238772166656,1980,514
703769065844768768,3539,1250
703631701117943808,2785,759
703611486317502464,4145,1671
703425003149250560,4089,1522
703407252292673536,2644,763
703382836347330562,3767,1258
703356393781329922,2046,425
703268521220972544,2109,610
703079050210877440,7930,3398
703041949650034688,28417,13808
702932127499816960,2782,799
702899151802126337,1735,495
702684942141153280,3456,1185
702671118226825216,2350,618
702598099714314240,11113,3618
702539513671897089,3079,1060
702332542343577600,3434,1709
702321140488925184,3537,1137
702276748847800320,2657,839
702217446468493312,5169,1477
701981390485725185,3694,1087
701952816642965504,4100,1121
701889187134500865,3829,1516
701805642395348998,3683,1861
701601587219795968,2241,509
701570477911896070,3025,1030
701545186879471618,2842,667
701214700881756160,13178,5657
700890391244103680,2388,635
700864154249383937,2782,672
700847567345688576,2608,549
700796979434098688,2618,1053
700747788515020802,24592,10340
700518061187723268,2829,879
700505138482569216,2445,628
700462010979500032,4457,1980
700167517596164096,2850,821
700151421916807169,2409,731
700143752053182464,8113,3041
700062718104104960,2837,762
700029284593901568,2221,640
700002074055016451,3552,1482
699801817392291840,3276,1065
699788877217865730,2417,543
699779630832685056,2979,1367
699775878809702401,2104,670
699691744225525762,11022,5053
699446877801091073,6377,2873
699434518667751424,2334,562
699423671849451520,1473,366
699413908797464576,2215,680
699370870310113280,2015,484
699323444782047232,3395,957
699088579889332224,2399,696
699079609774645248,2627,721
699072405256409088,3231,1303
699060279947165696,4064,2001
699036661657767936,2808,1316
698989035503689728,3643,1084
698953797952008193,2909,991
698907974262222848,2731,681
698710712454139905,2658,754
698703483621523456,1562,416
698635131305795584,1376,375
698549713696649216,2491,684
698355670425473025,2007,497
698342080612007937,2434,1047
698262614669991936,5106,2219
698195409219559425,18031,6573
698178924120031232,3018,812
697995514407682048,1635,365
697990423684476929,3530,1423
697943111201378304,2580,757
697881462549430272,3243,1304
697630435728322560,1871,595
697616773278015490,3392,1117
697596423848730625,3255,1385
697575480820686848,2200,555
697516214579523584,2229,1249
697482927769255936,2603,748
697463031882764288,3670,1516
697270446429966336,5015,2043
697259378236399616,3538,1100
697255105972801536,3249,1279
697242256848379904,2702,736
696900204696625153,3437,1129
696894894812565505,2528,742
696886256886657024,5189,1973
696877980375769088,2629,784
696754882863349760,1580,390
696744641916489729,2238,1048
696713835009417216,2556,725
696518437233913856,4197,1854
696490539101908992,1313,164
696488710901260288,2732,1138
696405997980676096,3454,1253
696100768806522880,2081,730
695816827381944320,3225,1287
695794761660297217,3419,857
695767669421768709,2011,821
695629776980148225,4918,2329
695446424020918272,4676,1990
695409464418041856,9255,3924
695314793360662529,3920,1629
695095422348574720,2829,675
695074328191332352,3052,1210
695064344191721472,1724,664
695051054296211456,2860,867
694925794720792577,2903,1011
694905863685980160,2976,1034
694669722378485760,38282,15903
694356675654983680,1618,319
694352839993344000,2191,683
694342028726001664,1689,536
694329668942569472,2159,551
694206574471057408,4500,2248
694183373896572928,3164,1023
694001791655137281,3634,1142
693993230313091072,2011,446
693942351086120961,1857,407
693647888581312512,2899,653
693644216740769793,1444,142
693642232151285760,2731,459
693629975228977152,2633,881
693622659251335168,1655,408
693590843962331137,5452,2163
693582294167244802,1769,283
693486665285931008,1902,686
693280720173801472,3607,1366
693267061318012928,2558,901
693262851218264065,2394,553
693231807727280129,3071,810
693155686491000832,8490,3533
693109034023534592,1845,672
693095443459342336,2010,509
692919143163629568,2867,820
692905862751522816,2621,972
692901601640583168,1929,666
692894228850999298,2450,886
692828166163931137,3090,965
692752401762250755,7346,4017
692568918515392513,4652,1688
692535307825213440,3435,1496
692530551048294401,1984,463
692423280028966913,1584,254
692417313023332352,10074,3818
692187005137076224,2706,907
692158366030913536,2313,882
692142790915014657,1761,430
692041934689402880,3649,1398
692017291282812928,3081,1058
691820333922455552,4238,1812
691793053716221953,8752,4628
691756958957883396,3112,1133
691675652215414786,2079,563
691483041324204033,2548,633
691459709405118465,4362,1265
691444869282295808,2849,935
691416866452082688,20835,8429
691321916024623104,2779,730
691096613310316544,3190,988
691090071332753408,1833,375
690989312272396288,6365,3172
690959652130045952,3841,1387
690938899477221376,4453,2200
690932576555528194,3530,1120
690735892932222976,4051,1414
690728923253055490,2327,576
690690673629138944,2490,874
690649993829576704,1406,311
690607260360429569,312,19
690597161306841088,2108,665
690400367696297985,2002,498
690374419777196032,3491,954
690360449368465409,2859,980
690348396616552449,1612,559
690248561355657216,1809,457
690021994562220032,2997,1145
690015576308211712,2687,814
690005060500217858,3926,1862
689999384604450816,1528,414
689993469801164801,1576,508
689977555533848577,1464,490
689905486972461056,2602,767
689877686181715968,3237,1308
689835978131935233,2324,833
689661964914655233,3432,1018
689659372465688576,11194,4299
689623661272240129,2404,721
689599056876867584,12519,6090
689557536375177216,2211,509
689517482558820352,3648,1574
689289219123089408,2422,1024
689283819090870273,3539,1221
689280876073582592,2148,793
689275259254616065,1245,274
689255633275777024,2759,1186
689154315265683456,3293,1107
689143371370250240,2185,573
688916208532455424,2934,960
688908934925697024,2273,852
688898160958271489,2261,870
688894073864884227,2401,773
688828561667567616,1476,409
688804835492233216,1027,218
688789766343622656,2380,732
688547210804498433,2801,772
688519176466644993,2474,804
688385280030670848,10010,4914
688211956440801280,2386,925
688179443353796608,2274,650
688116655151435777,3031,868
688064179421470721,1842,401
687841446767013888,5887,2799
687826841265172480,2929,1256
687818504314159109,2697,1060
687807801670897665,2569,772
687732144991551489,1890,728
687704180304273409,2619,933
687664829264453632,2083,569
687494652870668288,2058,636
687480748861947905,1718,276
687476254459715584,2128,596
687460506001633280,2194,598
687399393394311168,2035,690
687317306314240000,21650,10127
687312378585812992,4679,2098
687127927494963200,5880,2526
687124485711986689,2324,559
687109925361856513,6237,2733
687102708889812993,2513,1095
687096057537363968,2405,675
686947101016735744,9257,3501
686760001961103360,3772,1518
686749460672679938,3743,1620
686730991906516992,4461,1320
686683045143953408,3012,886
686618349602762752,3957,1503
686606069955735556,2028,596
686394059078897668,1890,755
686386521809772549,3490,978
686377065986265092,2382,625
686358356425093120,2361,753
686286779679375361,4305,1846
686050296934563840,2371,815
686035780142297088,1247,134
686034024800862208,3350,1299
686007916130873345,2656,463
686003207160610816,1957,708
685973236358713344,2274,591
685943807276412928,1762,679
685906723014619143,8101,3218
685681090388975616,2181,140
685667379192414208,2515,640
685663452032069632,3490,1613
685641971164143616,3153,857
685547936038666240,35495,17325
685532292383666176,3270,1274
685325112850124800,10235,4419
685321586178670592,2853,716
685315239903100929,3598,1194
685307451701334016,2220,487
685268753634967552,3343,1337
685198997565345792,2502,739
685169283572338688,4406,1579
684969860808454144,2469,424
684959798585110529,7168,3456
684940049151070208,3454,1158
684926975086034944,3773,529
684914660081053696,3765,1615
684902183876321280,2015,590
684880619965411328,2256,916
684830982659280897,37772,23853
684800227459624960,2918,1092
684594889858887680,9633,3913
684588130326986752,4428,1556
684567543613382656,3242,1371
684538444857667585,2854,1063
684481074559381504,4155,1294
684460069371654144,2123,614
684241637099323392,8791,3642
684225744407494656,1334,235
684222868335505415,4139,1531
684200372118904832,2339,1140
684195085588783105,2062,577
684188786104872960,3742,1303
684177701129875456,2172,744
684147889187209216,3201,1656
684122891630342144,2137,526
684097758874210310,4421,1584
683857920510050305,4080,1230
683852578183077888,2066,389
683849932751646720,2822,1084
683834909291606017,2822,1226
683828599284170753,3001,1163
683773439333797890,3603,1492
683742671509258241,7012,3684
683515932363329536,7910,3209
683498322573824003,3398,1060
683481228088049664,2822,1092
683462770029932544,2619,744
683449695444799489,4188,1777
683391852557561860,8179,2634
683357973142474752,3164,1038
683142553609318400,3094,1152
683111407806746624,3655,1011
683098815881154561,2322,718
683078886620553216,2133,619
683030066213818368,2319,809
682962037429899265,39878,18488
682808988178739200,1907,205
682788441537560576,2653,1235
682750546109968385,1631,481
682697186228989953,1410,394
682662431982772225,3270,1181
682638830361513985,2204,662
682429480204398592,3686,1281
682406705142087680,8153,1952
682393905736888321,2390,753
682389078323662849,1790,512
682303737705140231,3307,1102
682259524040966145,4478,1352
682242692827447297,3491,1304
682088079302213632,19724,10962
682059653698686977,5327,1874
682047327939461121,3453,1064
682032003584274432,7076,2232
682003177596559360,3378,1682
681981167097122816,2967,1135
681891461017812993,2647,924
681694085539872773,13744,4454
681679526984871937,1884,490
681654059175129088,2836,1026
681610798867845120,2051,521
681579835668455424,3811,1450
681523177663676416,15400,6435
681340665377193984,1763,306
681339448655802368,9989,4486
681320187870711809,2857,843
681302363064414209,4246,2023
681297372102656000,3415,1061
681281657291280384,3445,1215
681261549936340994,1559,300
681242418453299201,1606,606
681231109724700672,2567,531
681193455364796417,3985,1641
680970795137544192,2601,727
680959110691590145,4887,2197
680940246314430465,3463,1171
680934982542561280,2229,486
680913438424612864,2559,683
680889648562991104,1895,406
680836378243002368,3695,1481
680805554198020098,2320,734
680801747103793152,2543,910
680798457301471234,3069,1152
680609293079592961,2825,791
680583894916304897,3866,1477
680497766108381184,4543,2117
680494726643068929,1840,531
680473011644985345,2715,825
680440374763077632,1548,553
680221482581123072,1562,320
680206703334408192,3041,1295
680191257256136705,2299,565
680176173301628928,4178,1724
680161097740095489,2474,807
680145970311643136,3877,1919
680130881361686529,2460,1046
680115823365742593,2904,1006
680100725817409536,3816,1513
680085611152338944,13699,9799
680070545539371008,2755,964
680055455951884288,17919,7864
679877062409191424,2107,706
679872969355714560,2320,729
679862121895714818,2630,685
679854723806179328,3076,1358
679844490799091713,2540,862
679828447187857408,38893,15439
679777920601223168,3311,1242
679736210798047232,2249,883
679729593985699840,2317,909
679722016581222400,1774,521
679530280114372609,5101,2287
679527802031484928,2842,803
679511351870550016,3615,1424
679503373272485890,3398,1634
679475951516934144,2251,704
679462823135686656,34108,20767
679405845277462528,2549,1334
679158373988876288,23061,8944
679148763231985668,2966,1135
679132435750195208,3176,1279
679111216690831360,6396,2824
679062614270468097,18340,9068
679047485189439488,2413,756
679001094530465792,3018,1357
678991772295516161,2491,1291
678969228704284672,1754,510
678800283649069056,2756,992
678798276842360832,3732,1308
678774928607469569,2974,1016
678767140346941444,3775,1513
678764513869611008,1746,528
678755239630127104,7647,3657
678740035362037760,4010,1882
678708137298427904,5947,2681
678675843183484930,3073,1638
678643457146150913,2195,473
678446151570427904,4263,1735
678424312106393600,5791,2804
678410210315247616,4536,2007
678399652199309312,61218,30075
678396796259975168,1695,463
678389028614488064,1992,463
678380236862578688,2598,988
678341075375947776,1844,592
678334497360859136,1385,295
678278586130948096,12268,6667
678255464182861824,1690,408
678023323247357953,2053,428
678021115718029313,14686,6984
677961670166224897,3627,1839
677918531514703872,1437,448
677895101218201600,5155,2329
677716515794329600,3252,1072
677700003327029250,3612,1573
677698403548192770,1302,349
677687604918272002,2631,925
677673981332312066,3550,1640
677662372920729601,2080,1069
677644091929329666,2005,872
677573743309385728,2282,804
677565715327688705,1371,502
677557565589463040,2598,1277
677547928504967168,7394,3976
677530072887205888,1131,245
677335745548390400,3252,1958
677334615166730240,1443,321
677331501395156992,1159,260
677328882937298944,3864,1640
677314812125323265,1751,589
677301033169788928,1325,454
677269281705472000,2112,774
677228873407442944,3772,1792
677187300187611136,2907,1004
676975532580409345,2947,1172
676957860086095872,2342,885
676949632774234114,1377,431
676948236477857792,2303,956
676946864479084545,1809,414
676942428000112642,2205,837
676936541936185344,13517,5378
676916996760600576,3156,1958
676897532954456065,2384,795
676864501615042560,2236,783
676821958043033607,24573,17088
676819651066732545,1915,723
676811746707918848,1508,460
676776431406465024,5292,2192
676617503762681856,3078,1077
676613908052996102,1156,211
676606785097199616,1999,480
676603393314578432,1246,430
676593408224403456,4849,2353
676590572941893632,976,139
676588346097852417,2478,871
676582956622721024,1280,307
676575501977128964,2747,1229
676533798876651520,1987,607
676496375194980353,1602,583
676470639084101634,12371,5100
676440007570247681,1820,734
676430933382295552,1476,377
676263575653122048,2190,592
676237365392908289,1295,324
676219687039057920,79010,33795
676215927814406144,1843,642
676191832485810177,2411,1118
676146341966438401,2039,726
676121918416756736,2275,1272
676101918813499392,2976,1255
676098748976615425,3195,1565
676089483918516224,1393,466
675898130735476737,1735,632
675891555769696257,2256,949
675888385639251968,2522,1042
675878199931371520,4428,1535
675870721063669760,1739,614
675853064436391936,2849,1415
675849018447167488,999,166
675845657354215424,2420,970
675822767435051008,1612,578
675820929667219457,1108,250
675798442703122432,10858,3680
675781562965868544,1704,516
675740360753160193,1226,377
675710890956750848,1998,901
675707330206547968,2103,749
675706639471788032,681,104
675534494439489536,1907,454
675531475945709568,1245,420
675522403582218240,1098,308
675517828909424640,1381,494
675501075957489664,18131,6312
675497103322386432,3317,1413
675489971617296384,1368,649
675483430902214656,1951,1055
675432746517426176,1597,615
675372240448454658,1798,547
675362609739206656,1107,251
675354435921575936,34566,18545
675349384339542016,4151,2455
675334060156301312,2936,1397
675166823650848770,3819,1747
675153376133427200,6647,2820
675149409102012420,3941,1823
675147105808306176,998,261
675146535592706048,1264,339
675145476954566656,2248,973
675135153782571009,1367,532
675113801096802304,2060,852
675111688094527488,1014,274
675109292475830276,2934,1222
675047298674663426,1116,355
675015141583413248,2851,1294
675006312288268288,1026,244
675003128568291329,1630,506
674999807681908736,2365,1196
674805413498527744,910,383
674800520222154752,3162,932
674793399141146624,2637,1182
674790488185167872,1157,272
674788554665512960,848,225
674781762103414784,2103,1309
674774481756377088,1185,515
674767892831932416,1930,860
674764817387900928,831,259
674754018082705410,1429,482
674752233200820224,1546,502
674743008475090944,1470,592
674742531037511680,513,54
674739953134403584,1172,423
674737130913071104,672,100
674690135443775488,1203,501
674670581682434048,1700,701
674664755118911488,970,272
674646392044941312,1503,543
674644256330530816,1073,296
674638615994089473,1763,630
674632714662858753,1570,619
674606911342424069,988,109
674468880899788800,6525,2214
674447403907457024,1115,384
674436901579923456,1170,422
674422304705744896,1496,572
674416750885273600,713,150
674410619106390016,1255,505
674394782723014656,1571,617
674372068062928900,893,333
674330906434379776,585,78
674318007229923329,1479,555
674307341513269249,11896,7449
674291837063053312,15486,6347
674271431610523648,1644,779
674269164442398721,937,247
674265582246694913,1713,904
674262580978937856,1354,489
674255168825880576,1536,602
674082852460433408,784,182
674075285688614912,1020,307
674063288070742018,6672,2387
674053186244734976,3486,1406
674051556661161984,1519,519
674045139690631169,1480,692
674042553264685056,752,138
674038233588723717,1150,440
674036086168010753,877,234
674024893172875264,1874,1314
674019345211760640,1184,324
674014384960745472,1638,696
674008982932058114,1255,380
673956914389192708,2044,1040
673919437611909120,1218,389
673906403526995968,3336,1751
673887867907739649,972,270
673716320723169284,3222,815
673715861853720576,3717,2243
673711475735838725,1084,319
673709992831262724,886,297
673708611235921920,1117,309
673707060090052608,1150,421
673705679337693185,1308,423
673700254269775872,1492,611
673697980713705472,3979,2096
673689733134946305,1819,691
673688752737402881,1319,528
673686845050527744,1508,466
673680198160809984,1427,502
673662677122719744,1303,385
673656262056419329,750,260
673636718965334016,1170,397
673612854080196609,1655,779
673583129559498752,1242,393
673580926094458881,863,285
673576835670777856,1442,597
673363615379013632,1064,332
673359818736984064,1520,716
673355879178194945,1555,630
673352124999274496,1720,576
673350198937153538,762,224
673345638550134785,2635,1377
673343217010679808,1011,284
673342308415348736,1319,632
673320132811366400,14133,8480
673317986296586240,902,282
673295268553605120,7855,3389
673270968295534593,1106,395
673240798075449344,1478,773
673213039743795200,2351,903
673148804208660480,1775,674
672997845381865473,2045,766
672995267319328768,993,317
672988786805112832,1011,307
672984142909456390,1299,576
672980819271634944,1880,1054
672975131468300288,1761,983
672970152493887488,996,377
672968025906282496,1368,587
672964561327235073,1481,688
672902681409806336,1421,535
672898206762672129,923,447
672884426393653248,1621,880
672877615439593473,1069,393
672834301050937345,1369,612
672828477930868736,1310,518
672640509974827008,1010,342
672622327801233409,1350,525
672614745925664768,1274,626
672609152938721280,1157,411
672604026190569472,1161,432
672594978741354496,1379,643
672591762242805761,988,354
672591271085670400,757,199
672538107540070400,1067,396
672523490734551040,677,185
672488522314567680,1160,471
672482722825261057,1182,644
672481316919734272,738,130
672475084225949696,1502,747
672466075045466113,1413,575
672272411274932228,6733,3594
672267570918129665,1558,648
672264251789176834,1193,366
672256522047614977,2934,1656
672254177670729728,1483,784
672248013293752320,1793,645
672245253877968896,712,166
672239279297454080,930,338
672231046314901505,1919,1069
672222792075620352,815,225
672205392827572224,2356,1229
672169685991993344,1057,394
672160042234327040,906,383
672139350159835138,1829,770
672125275208069120,2506,1215
672095186491711488,1035,390
672082170312290304,981,390
672068090318987265,1354,548
671896809300709376,8809,4416
671891728106971137,1384,598
671882082306625538,3608,1461
671879137494245376,1478,730
671874878652489728,1302,586
671866342182637568,1168,535
671855973984772097,954,483
671789708968640512,7363,3707
671768281401958400,1240,555
671763349865160704,1753,976
671744970634719232,1398,820
671743150407421952,768,241
671735591348891648,1499,794
671729906628341761,8908,4646
671561002136281088,13415,7702
671550332464455680,951,220
671547767500775424,1412,635
671544874165002241,2078,1115
671542985629241344,1138,601
671538301157904385,961,420
671536543010570240,1225,436
671533943490011136,1071,612
671528761649688577,877,274
671520732782923777,1454,566
671518598289059840,985,310
671511350426865664,1684,773
671504605491109889,7340,3759
671497587707535361,962,474
671488513339211776,1050,498
671486386088865792,607,220
671485057807351808,791,245
671390180817915904,1477,783
671362598324076544,1166,311
671357843010908160,416,155
671355857343524864,497,118
671347597085433856,1011,462
671186162933985280,769,228
671182547775299584,1167,364
671166507850801152,910,376
671163268581498880,1733,1180
671159727754231808,390,87
671154572044468225,750,229
671151324042559489,698,161
671147085991960577,701,242
671141549288370177,1215,694
671138694582165504,967,427
671134062904504320,779,207
671122204919246848,3651,2696
671115716440031232,1407,820
671109016219725825,1192,468
670995969505435648,1151,309
670842764863651840,25609,9330
670840546554966016,616,208
670838202509447168,1162,736
670833812859932673,466,132
670832455012716544,765,233
670826280409919488,5814,4331
670823764196741120,806,201
670822709593571328,634,103
670815497391357952,3316,1648
670811965569282048,1175,286
670807719151067136,1194,521
670804601705242624,2053,1005
670803562457407488,351,93
670797304698376195,757,252
670792680469889025,869,293
670789397210615808,690,254
670786190031921152,627,213
670783437142401025,851,419
670782429121134593,1646,837
670780561024270336,806,305
670778058496974848,340,76
670764103623966721,1120,452
670755717859713024,466,120
670733412878163972,1000,539
670727704916926465,866,392
670717338665226240,1271,528
670704688707301377,790,392
670691627984359425,610,256
670679630144274432,778,308
670676092097810432,261,45
670668383499735048,11187,5367
670474236058800128,1593,813
670468609693655041,364,89
670465786746662913,1012,588
670452855871037440,570,220
670449342516494336,1236,715
670444955656130560,6991,2099
670442337873600512,676,207
670435821946826752,1095,558
670434127938719744,1467,688
670433248821026816,335,121
670428280563085312,1451,675
670427002554466305,539,174
670421925039075328,1367,682
670420569653809152,656,332
670417414769758208,591,341
670411370698022913,2129,962
670408998013820928,583,238
670403879788544000,450,169
670385711116361728,582,227
670374371102445568,768,286
670361874861563904,340,71
670338931251150849,445,118
670319130621435904,4013,1307
670303360680108032,443,143
670290420111441920,735,301
670093938074779648,1078,358
670086499208155136,724,267
670079681849372674,2328,1338
670073503555706880,1631,843
670069087419133954,662,262
670061506722140161,798,367
670055038660800512,695,351
670046952931721218,674,187
670040295598354432,784,117
670037189829525505,610,296
670003130994700288,345,98
669993076832759809,337,89
669972011175813120,461,171
669970042633789440,314,64
669942763794931712,528,180
669926384437997569,394,111
669923323644657664,245,61
669753178989142016,841,426
669749430875258880,283,68
669684865554620416,544,94
669683899023405056,408,116
669682095984410625,368,141
669680153564442624,697,305
669661792646373376,841,463
669625907762618368,3689,1915
669603084620980224,990,392
669597912108789760,534,160
669583744538451968,1555,989
669573570759163904,449,153
669571471778410496,1652,1065
669567591774625800,244,60
669564461267722241,403,130
669393256313184256,378,81
669375718304980992,1394,767
669371483794317312,515,190
669367896104181761,477,166
669363888236994561,651,242
669359674819481600,380,131
669354382627049472,2822,1349
669353438988365824,673,271
669351434509529089,464,198
669328503091937280,1051,441
669327207240699904,599,121
669324657376567296,513,218
669216679721873412,939,409
669214165781868544,461,178
669203728096960512,1051,507
669037058363662336,683,328
669015743032369152,772,393
669006782128353280,599,264
669000397445533696,21738,6765
668994913074286592,459,249
668992363537309700,781,369
668989615043424256,711,346
668988183816871936,941,500
668986018524233728,574,177
668981893510119424,565,326
668979806671884288,828,374
668975677807423489,1369,619
668967877119254528,154,25
668960084974809088,740,251
668955713004314625,296,74
668932921458302977,281,61
668902994700836864,330,106
668892474547511297,413,161
668872652652679168,550,315
668852170888998912,470,174
668826086256599040,457,147
668815180734689280,596,285
668779399630725120,732,397
668655139528511488,553,229
668645506898350081,935,574
668643542311546881,924,563
668641109086707712,1122,566
668636665813057536,1086,510
668633411083464705,2951,1746
668631377374486528,748,339
668627278264475648,332,122
668625577880875008,410,140
668623201287675904,1510,830
668620235289837568,216,46
668614819948453888,636,335
668587383441514497,1730,1147
668567822092664832,255,61
668544745690562560,543,241
668542336805281792,484,227
668537837512433665,259,78
668528771708952576,487,237
668507509523615744,338,113
668496999348633600,427,140
668484198282485761,441,250
668480044826800133,480,155
668466899341221888,923,546
668297328638447616,642,313
668291999406125056,259,34
668286279830867968,525,145
668274247790391296,861,243
668268907921326080,575,254
668256321989451776,1351,651
668248472370458624,1032,513
668237644992782336,6466,3011
668226093875376128,315,112
668221241640230912,526,209
668204964695683073,576,204
668190681446379520,677,205
668171859951755264,512,203
668154635664932864,513,331
668142349051129856,581,303
668113020489474048,691,258
667937095915278337,1323,839
667924896115245057,308,117
667915453470232577,218,58
667911425562669056,510,318
667902449697558528,875,390
667886921285246976,1969,1151
667885044254572545,849,511
667878741721415682,405,125
667873844930215936,652,428
667866724293877760,3108,1085
667861340749471744,250,83
667832474953625600,294,65
667806454573760512,1090,524
667801013445750784,339,98
667793409583771648,720,345
667782464991965184,427,254
667773195014021121,240,59
667766675769573376,461,231
667728196545200128,386,159
667724302356258817,505,334
667550904950915073,0,35
667550882905632768,0,33
667549055577362432,6000,2403
667546741521195010,344,133
667544320556335104,898,551
667538891197542400,210,70
667534815156183040,846,562
667530908589760512,489,255
667524857454854144,1754,1171
667517642048163840,381,198
667509364010450944,7009,2221
667502640335572993,550,228
667495797102141441,547,288
667491009379606528,550,237
667470559035432960,265,101
667455448082227200,196,65
667453023279554560,320,93
667443425659232256,809,607
667437278097252352,465,249
667435689202614272,314,85
667405339315146752,480,225
667393430834667520,203,58
667369227918143488,377,170
667211855547486208,508,251
667200525029539841,633,272
667192066997374976,401,110
667188689915760640,767,433
667182792070062081,14788,6477
667177989038297088,194,57
667176164155375616,628,474
667174963120574464,256,86
667171260800061440,228,95
667165590075940865,2765,1198
667160273090932737,263,65
667152164079423490,48927,17811
667138269671505920,4742,2316
667119796878725120,337,133
667090893657276420,341,130
667073648344346624,414,129
667070482143944705,86,14
667065535570550784,169,49
667062181243039745,222,56
667044094246576128,192,51
667012601033924608,462,235
666996132027977728,247,99
666983947667116034,2623,1019
666837028449972224,839,568
666835007768551424,220,82
666826780179869698,258,99
666817836334096384,533,259
666804364988780544,245,94
666786068205871104,784,502
666781792255496192,397,203
666776908487630848,360,178
666739327293083650,240,67
666701168228331520,441,223
666691418707132416,190,48
666649482315059201,900,595
666644823164719104,235,85
666454714377183233,529,213
666447344410484738,105,22
666437273139982337,129,50
666435652385423360,168,54
666430724426358785,321,199
666428276349472768,166,84
666421158376562688,320,114
666418789513326592,127,47
666411507551481857,450,331
666407126856765440,111,41
666396247373291520,168,87
666373753744588802,191,94
666362758909284353,786,578
666353288456101888,223,74
666345417576210432,301,142
666337882303524864,199,93
666293911632134144,513,358
666287406224695296,151,68
666273097616637952,178,77
666268910803644416,105,36
666104133288665088,14449,6686
666102155909144576,80,13
666099513787052032,158,70
666094000022159362,166,76
666082916733198337,120,45
666073100786774016,326,169
666071193221509120,148,62
666063827256086533,479,223
666058600524156928,112,58
666057090499244032,298,142
666055525042405380,440,257
666051853826850816,1230,856
666050758794694657,133,58
666049248165822465,109,40
666044226329800704,301,141
666033412701032449,125,44
666029285002620928,131,47
666020888022790149,2560,519
